44.0473 -4.32262 -179.144
43.9356 -7.82467 -179.144
42.4568 -7.84677 180.856
40.9821 -7.86879 180.856
39.5348 -7.89041 180.856
49.8144 -4.23647 -179.144
46.0289 -4.29302 -179.144
44.2083 -4.32021 -179.144
40.3174 -4.37833 180.856
40.0727 -4.38199 180.856
38.4211 -4.40666 180.856
36.966 -4.42933 180.968
34.9425 -4.46759 181.199
33.2791 -4.50516 181.389
33.0873 -4.50984 181.411
31.4523 -4.55277 181.597
29.9386 -4.59727 181.77
28.3193 -4.64994 181.955
26.3388 -4.7379 184.936
24.7816 -4.96027 -168.682
23.4842 -5.28446 -163.258
20.7688 -6.42152 -151.3
18.2083 -6.40148 -110.682
18.2363 -6.32697 -110.444
17.3425 -8.35765 -117.069
16.6144 -9.87269 -129.265
14.9758 -11.9358 -129.897
13.9886 -13.0318 226.582
11.4943 -15.3587 -141.343
8.97627 -17.0644 -150.428
7.75818 -17.6992 -154.527
6.32386 -18.3123 -159.183
4.64516 -18.8636 -164.457
2.89186 -19.2638 -169.825
1.19257 -19.491 -174.943
-2.25103 -19.4857 -185.232
-2.05124 -19.503 -184.634
-5.63033 -18.8677 164.503
-9.07266 -17.5458 153.483
-10.5418 -16.7306 148.468
-13.0232 -14.9199 139.292
-14.2172 -13.802 135
-15.3968 -12.5969 132.519
-16.7415 -10.9571 126.188
-17.7588 -9.41626 120.676
-18.5755 -7.88593 115.499
-19.8782 -4.25376 103.965
-20.1926 -2.72758 99.3139
-20.4445 0.600165 89.343
-20.0898 4.06013 78.9503
-18.2603 9.2767 62.3972
-16.5519 11.9719 52.8642
-15.4616 13.2859 47.7677
-14.2155 14.5735 -313.594
-12.059 17.2026 -305.126
-10.3669 17.5967 30.9218
-7.71071 18.9204 22.0573
-3.79741 20.0405 9.88836
-2.05917 20.2623 4.65763
-0.216741 20.3237 -0.845264
3.40801 19.9238 -11.7434
5.03565 19.5105 -16.756
6.68115 18.9323 -21.9621
8.35824 18.1603 -27.4734
10.0312 17.1801 -33.2616
11.4768 16.1326 -38.5907
12.8086 14.9653 -43.877
12.9969 14.7818 -44.6614
14.0907 13.683 -46.1462
15.3817 12.1933 -52.0311
16.2042 11.0559 -56.2204
17.1321 9.68266 -53.3216
18.333 8.26195 -46.2653
21.9103 7.1579 -20.6283
26.5273 7.42101 359.814
28.178 7.14636 -5.31534
29.6792 7.09497 359.814
31.5395 7.08894 359.814
31.1111 7.09033 359.814
32.956 7.08471 -0.116302
36.2209 7.08878 0.25914
43.3719 7.16858 0.855804
50.3316 7.27254 0.855804
56.8575 7.37002 0.855804
58.2133 7.39027 0.855804
28.5779 7.11611 -3.33702
30.1209 7.09354 359.814
31.6595 7.08855 359.814
33.2495 7.0842 -0.08255
34.8368 7.08444 0.0999756
37.9369 7.09949 0.456482
39.4421 7.11376 0.629578
42.4593 7.15495 0.855804
43.9049 7.17654 0.855804
45.3665 7.19837 0.855804
48.1697 7.24025 0.855804
50.9446 7.2817 0.855804
52.3737 7.30304 0.855804
55.2438 7.34592 0.855804
58.0963 7.38853 0.855804
60.959 7.43129 0.855804
62.3485 7.45204 0.855804
65.378 7.4973 0.855804
66.8843 7.5198 0.855804
68.416 7.54268 0.855804
71.5591 7.58963 -359.144
74.6638 7.636 -359.144
77.6154 7.68009 -359.144
80.5888 7.72451 -359.144
83.6033 7.76954 -359.144
86.5899 7.81415 0.855804
89.7129 7.8608 0.855804
92.7456 7.9061 0.855804
95.9686 7.95425 0.855804
100.859 8.02729 0.855804
105.779 8.10079 0.855804
110.724 8.17465 0.855804
113.984 8.22336 0.855804
117.127 8.2703 0.855804
120.267 8.3172 0.855804
123.058 8.35889 0.855804
125.846 8.40054 0.855804
128.591 8.44155 0.855804
131.513 8.4852 0.855804
134.283 8.52658 0.855804
137.148 8.56937 0.855804
140.026 8.61235 0.855804
142.767 8.6533 0.855804
145.377 8.69229 0.855804
147.976 8.73111 0.855804
150.637 8.77085 0.855804
153.389 8.81197 0.855804
156.351 8.85622 0.855804
159.388 8.90159 0.855804
162.357 8.94593 0.855804
165.219 8.98868 0.855804
167.972 9.02981 0.855804
170.679 9.07024 0.855804
173.367 9.11039 0.855804
176.094 9.15112 0.855804
178.809 9.19168 0.855804
181.379 9.23007 0.855804
183.976 9.26887 0.855804
186.495 9.30649 0.855804
188.951 9.34318 0.855804
192.587 9.39749 0.855804
195.917 9.44723 0.855804
199.079 9.49446 0.855804
201.187 9.52596 0.855804
202.29 9.54243 0.855804
204.423 9.57429 0.855804
206.517 9.60557 0.855804
207.565 9.62123 0.855804
209.683 9.65287 0.855804
212.871 9.70049 0.855804
213.89 9.71571 0.855804
215.878 9.7454 0.855804
219.922 9.80581 0.855804
220.878 9.82009 0.855804
221.774 9.83348 0.855804
223.699 9.86223 0.855804
226.256 9.90043 0.855804
228.916 10.3226 25.6268
230.554 11.7307 55.749
231.254 13.6556 84.2812
231.241 15.5028 91.3932
231.212 16.7079 91.3932
231.152 19.1398 91.3932
231.08 22.0986 91.3932
231.045 23.5569 91.3932
230.973 26.5186 91.3932
230.937 27.9925 91.3932
230.899 29.551 91.3932
230.822 32.7163 91.3932
230.786 34.2237 91.3932
230.713 37.2219 91.3932
230.676 38.7159 91.3932
230.643 40.0816 91.3932
230.608 41.5345 91.3932
230.54 44.3363 91.3932
230.504 45.7957 91.3932
230.466 47.3618 91.3932
230.393 50.3796 91.3932
230.32 53.3447 91.3932
226 58.5 176
224.801 58.7345 176.124
223.078 58.7531 179.853
220.992 58.7585 179.853
218.875 58.7639 179.853
216.723 58.7695 179.853
214.61 58.7749 179.853
212.512 58.7803 179.853
208.273 58.7912 179.853
206.109 58.7968 179.853
201.797 58.8079 179.853
195.347 58.8245 179.853
190.836 58.8361 179.853
183.975 58.8537 179.853
179.286 58.8658 179.853
174.488 59.002 179.853
172.263 59.002 179.853
167.079 59.002 179.853
163.409 59.0446 179.853
158.606 58.919 179.853
154.063 58.9307 179.853
149.554 58.9423 179.853
145.203 58.9535 179.853
143.026 58.9591 179.853
138.719 58.9701 179.853
134.479 58.981 179.853
128.743 58.9958 179.853
125.052 59.0053 179.853
119.669 59.0191 179.853
114.326 59.0329 179.853
112.676 59.0371 179.853
109.033 59.0465 179.853
105.434 59.0558 179.853
103.603 59.0605 179.853
101.693 58.9566 -173.461
97.7291 57.9777 201.131
95.9651 57.2208 205.313
94.207 56.3067 -150.37
92.6097 55.3212 -146.282
89.6777 53.3095 -145.506
88.3533 52.3994 -145.506
85.7137 50.5979 -147.439
82.7436 49.0749 -158.267
79.4596 48.1217 -169.361
77.7643 47.8965 -175.728
76.0915 47.8671 -182.253
74.4624 48.0224 -188.636
72.8735 48.3543 -194.967
71.2355 48.8943 159.388
69.5693 49.6644 -209.923
66.7473 52.0655 -230.863
65.8239 53.4062 -240.021
64.1263 57.5299 102.638
63.9196 58.8042 95.7901
64.0282 61.7692 80.0121
65.0396 64.7976 63.6881
65.7831 66.2476 60.0787
66.684 67.5929 52.3025
68.9349 69.8191 37.0654
70.2545 70.6851 29.4853
71.694 71.3763 21.8162
73.2912 71.8888 13.7596
75.1165 72.2131 7.41855
78.7511 72.2708 -5.60006
80.5581 71.9888 -12.1396
83.9075 70.8706 -24.7846
85.4521 70.0525 -31.034
89.6493 67.0133 -36.8068
91.0376 65.9744 -36.8068
94.32 64.01 -23.1532
96.1779 63.3664 -15.0603
98.083 62.9833 -8.79962
99.8908 62.7503 -5.89068
103.371 62.5613 -0.326309
105.164 62.5565 359.853
106.979 62.5518 359.853
108.748 62.5472 359.853
112.277 62.5382 359.853
115.786 62.5291 359.853
119.2 62.5204 359.853
122.75 62.5112 359.853
126.384 62.5019 359.853
130.016 62.4925 359.853
133.445 62.4837 359.853
136.902 62.4748 359.853
140.076 62.4667 359.853
141.67 62.4626 359.853
143.115 62.4588 359.853
146.07 62.4512 359.853
147.53 62.4475 359.853
148.882 62.444 359.853
152.846 62.4338 359.853
158.135 62.4202 359.853
159.363 62.4239 2.43382
164.056 64.6111 47.5417
165.056 65.7568 52.0642
166.888 69.5411 76.2898
167.173 73.2486 89.9892
167.174 76.9597 89.9892
167.175 80.659 89.9892
167.175 82.528 89.9892
167.176 84.4718 89.9892
167.176 86.617 89.9892
167.176 88.7227 89.9892
167.177 90.7153 89.9892
167.163 92.7073 91.5451
167.066 94.5895 94.3951
166.872 96.4795 97.268
166.233 100.09 102.814
165.786 101.858 105.572
165.232 103.669 108.436
164.583 105.466 111.325
163.878 107.149 114.083
163.051 108.88 116.985
162.067 110.69 120.1
160.963 112.478 123.278
159.744 114.227 126.502
158.4 115.937 129.792
157.033 117.49 132.919
155.658 118.893 135.949
153.891 120.495 139.667
152.088 121.931 143.261
150.19 123.257 146.869
148.263 124.432 150.388
146.246 125.496 153.944
144.211 126.416 157.426
140.246 127.805 163.978
138.164 128.337 167.327
135.996 128.757 170.771
133.68 129.058 174.411
131.441 129.208 177.91
129.076 129.251 179.183
126.776 129.284 179.183
124.431 129.317 179.183
122.087 129.35 179.183
119.774 129.383 179.183
117.53 129.415 179.183
113.119 129.478 179.183
108.76 129.541 179.183
106.691 129.57 179.183
104.557 129.601 179.183
102.37 129.632 179.183
97.9964 129.694 179.183
93.8571 129.753 179.183
91.8744 129.781 179.183
89.9328 129.809 179.183
85.921 129.866 179.183
81.5286 129.929 179.183
79.3644 129.96 179.183
77.1315 129.992 179.183
74.9788 130.022 179.183
72.7992 130.054 179.183
70.5964 130.085 179.183
66.2461 130.11 179.183
64.1016 130.18 179.183
59.7599 130.24 179.183
57.6125 130.27 179.183
53.2632 130.332 179.183
49.0752 130.392 179.183
44.9321 130.451 179.183
42.9497 130.479 179.183
39.0356 130.535 179.183
35.0404 130.592 179.183
31.3594 130.645 179.183
27.8236 130.695 179.183
24.6635 130.74 179.183
23.1719 130.761 179.183